{
  "1": {"diameter": 152.169, "min_x": -24.7912, "min_y": -69.9318, "min_z": -16.8455, "size_x": 49.5824, "size_y": 139.864, "size_z": 33.691},
  "2": {"diameter": 219.349, "min_x": -95.2045, "min_y": -54.0091, "min_z": -6.8969, "size_x": 190.409, "size_y": 108.018, "size_z": 13.7938},
  "3": {"diameter": 133.598, "min_x": -47.7313, "min_y": -37.8492, "min_z": -27.4088, "size_x": 95.4626, "size_y": 75.6984, "size_z": 54.8176},
  "4": {"diameter": 131.747, "min_x": -47.3833, "min_y": -36.5604, "min_z": -27.5228, "size_x": 94.7666, "size_y": 73.1208, "size_z": 55.0456},
  "5": {"diameter": 184.066, "min_x": -62.6488, "min_y": -46.3374, "min_z": -48.97, "size_x": 125.298, "size_y": 92.6748, "size_z": 97.94},
  "6": {"diameter": 176.763, "min_x": -60.3555, "min_y": -44.1869, "min_z": -47.0751, "size_x": 120.711, "size_y": 88.3738, "size_z": 94.1502},
  "7": {"diameter": 153.94, "min_x": -40.0283, "min_y": -39.9448, "min_z": -52.2163, "size_x": 80.0566, "size_y": 79.8896, "size_z": 104.433, "symmetries_continuous": [{"axis": [0, 0, 1], "offset": [0, 0, 0]}]},
  "8": {"diameter": 243.269, "min_x": -35.498, "min_y": -35.2593, "min_z": -110.868, "size_x": 70.996, "size_y": 70.5186, "size_z": 221.736},
  "9": {"diameter": 304.072, "min_x": -56.8304, "min_y": -136.511, "min_z": -35.3563, "size_x": 113.661, "size_y": 273.021, "size_z": 70.7126},
  "10": {"diameter": 184.315, "min_x": -61.1395, "min_y": -60.557, "min_z": -32.9825, "size_x": 122.279, "size_y": 121.114, "size_z": 65.965, "symmetries_continuous": [{"axis": [0, 0, 1], "offset": [0, 0, 0]}]},
  "11": {"diameter": 170.61, "min_x": -56.0963, "min_y": -56.1267, "min_z": -31.3038, "size_x": 112.193, "size_y": 112.253, "size_z": 62.6076, "symmetries_continuous": [{"axis": [0, 0, 1], "offset": [0, 0, 0]}]},
  "12": {"diameter": 184.69, "min_x": -64.8103, "min_y": -65.0119, "min_z": -10.0349, "size_x": 129.621, "size_y": 130.024, "size_z": 20.0698, "symmetries_continuous": [{"axis": [0, 0, 1], "offset": [0, 0, 0]}]},
  "13": {"diameter": 186.699, "min_x": -66.2144, "min_y": -64.9623, "min_z": -10.4732, "size_x": 132.429, "size_y": 129.925, "size_z": 20.9464, "symmetries_continuous": [{"axis": [0, 0, 1], "offset": [0, 0, 0]}]},
  "14": {"diameter": 275.394, "min_x": -79.0858, "min_y": -33.0538, "min_z": -107.765, "size_x": 158.172, "size_y": 66.1076, "size_z": 215.53},
  "15": {"diameter": 262.504, "min_x": -38.3663, "min_y": -39.3987, "min_z": -119.176, "size_x": 76.7326, "size_y": 78.7974, "size_z": 238.352, "symmetries_discrete": [[-0.999999, 0.000869173, 0.00134725, 0.0258253, -0.000895588, -0.999805, -0.0197321, -0.643463, 0.00132983, -0.0197333, 0.999804, -0.216911, 0, 0, 0, 1]]},
  "16": {"diameter": 212.587, "min_x": -59.103, "min_y": -82.8632, "min_z": -30.6412, "size_x": 118.206, "size_y": 165.726, "size_z": 61.2824, "symmetries_discrete": [[-0.99988, 5.81025e-05, -0.0155185, 1.03923, -0.000165741, -0.999976, 0.00693496, -0.86085, -0.0155177, 0.00693669, 0.999856, 0.0185032, 0, 0, 0, 1]]},
  "17": {"diameter": 132.658, "min_x": -27.8394, "min_y": -27.3395, "min_z": -53.6382, "size_x": 55.6788, "size_y": 54.679, "size_z": 107.276},
  "18": {"diameter": 131.588, "min_x": -27.3381, "min_y": -27.3585, "min_z": -53.2257, "size_x": 54.6762, "size_y": 54.717, "size_z": 106.451},
  "19": {"diameter": 338.124, "min_x": -77.511, "min_y": -91.7409, "min_z": -118.986, "size_x": 155.022, "size_y": 183.482, "size_z": 237.972, "symmetries_discrete": [[-0.999952, 0.00186444, -0.00966235, -0.297252, -0.00196436, -0.999945, 0.0103426, 0.839456, -0.00964253, 0.0103611, 0.9999, 0.0989257, 0, 0, 0, 1]]},
  "20": {"diameter": 164.911, "min_x": -54.951, "min_y": -43.7705, "min_z": -43.168, "size_x": 109.902, "size_y": 87.541, "size_z": 86.336},
  "21": {"diameter": 163.079, "min_x": -55.2957, "min_y": -42.8426, "min_z": -41.8999, "size_x": 110.591, "size_y": 85.6852, "size_z": 83.7998}
}